{
  "model": "text-embedding-3-small",
  "dimensions": 1536,
  "sentences": [
    "my monstera leaves are turning yellow",
    "leaves turning yellow on my plant",
    "why is my plant yellowing?",
    "sárgulnak a növényem levelei",
    "overwatering causes root rot",
    "how often should I water my fern?",
    "the soil is bone dry and the leaves are crispy",
    "fungus gnats in the soil",
    "spider mites on the underside of leaves",
    "sticky residue on leaves from mealybugs",
    "best plants for a dark bathroom",
    "my plant is leggy and stretching toward the window",
    "repotting a root-bound plant",
    "how to propagate a pothos cutting",
    "which plants work best in a minimalist living room?",
    "tall statement plant for an empty corner",
    "low-maintenance plants for a client office lobby",
    "plants that look good in a north-facing room",
    "milyen növény illik egy skandináv nappaliba?",
    "gift card and return policy",
    "free shipping over $75",
    "do you ship to Hungary?"
  ],
  "preview": [
    [
      -0.0033,
      -0.003,
      0.0146,
      -0.0075,
      -0.0149,
      0.0038,
      0.0374,
      0.0155
    ],
    [
      0.0076,
      -0.0057,
      0.0059,
      0.0159,
      -0.0149,
      0.0196,
      0.0097,
      0.0008
    ],
    [
      0.0076,
      -0.0118,
      -0.0142,
      0.0589,
      0.0103,
      0.0034,
      0.0471,
      0.0259
    ],
    [
      0.0065,
      0.0152,
      -0.0189,
      -0.0401,
      -0.0318,
      -0.0079,
      0.022,
      -0.0209
    ],
    [
      0.0118,
      -0.0215,
      0.0446,
      0.0312,
      -0.0155,
      -0.0442,
      0.0253,
      0.0315
    ],
    [
      -0.017,
      0.0081,
      0.0205,
      -0.0184,
      -0.0193,
      0.0328,
      0.0449,
      0.0248
    ],
    [
      0.0248,
      0.028,
      -0.0229,
      -0.0053,
      -0.0204,
      0.0381,
      0.0061,
      -0.0479
    ],
    [
      -0.021,
      0.0138,
      0.0356,
      0.0306,
      -0.0272,
      -0.0262,
      -0.0118,
      0.0035
    ],
    [
      -0.0051,
      -0.0182,
      0.0357,
      -0.0187,
      -0.0261,
      0.0072,
      0.0281,
      0.0137
    ],
    [
      0.0218,
      0.0028,
      0.0064,
      -0.0158,
      -0.0576,
      0.0392,
      0.0544,
      -0.0274
    ],
    [
      -0.033,
      -0.014,
      0.0111,
      0.0149,
      -0.0033,
      -0.011,
      0.0231,
      0.0125
    ],
    [
      -0.0128,
      -0.0045,
      0.0015,
      0.0214,
      -0.0166,
      0.0155,
      -0.0083,
      -0.0573
    ],
    [
      0.028,
      -0.0135,
      0.0688,
      0.0397,
      -0.0289,
      0.0165,
      -0.0029,
      -0.004
    ],
    [
      0.0383,
      -0.0138,
      0.0369,
      0.0035,
      -0.0153,
      0.006,
      0.0081,
      0.0132
    ],
    [
      0.0028,
      -0.01,
      0.0208,
      -0.0017,
      0.0201,
      -0.0368,
      0.022,
      -0.0145
    ],
    [
      -0.0264,
      -0.0673,
      0.0138,
      0.0495,
      -0.014,
      -0.0276,
      -0.0273,
      -0.052
    ],
    [
      -0.0196,
      -0.0163,
      0.0297,
      0.0003,
      0.0291,
      -0.0097,
      -0.0207,
      0
    ],
    [
      -0.0428,
      -0.0384,
      0.0363,
      0.0288,
      0.0293,
      -0.0121,
      -0.0129,
      -0.0226
    ],
    [
      -0.0582,
      -0.0004,
      0.0038,
      -0.0354,
      0.0472,
      -0.029,
      0.0519,
      -0.0457
    ],
    [
      0.0007,
      0.0095,
      -0.0217,
      0.0089,
      -0.0079,
      -0.0079,
      -0.0307,
      0.0269
    ],
    [
      0.0065,
      -0.0243,
      -0.018,
      0.0057,
      0.024,
      -0.028,
      -0.025,
      0.0472
    ],
    [
      -0.0516,
      -0.0162,
      -0.0479,
      0.0283,
      -0.0338,
      -0.0206,
      -0.0217,
      0.0341
    ]
  ],
  "distances": [
    [
      0,
      0.2337,
      0.2955,
      0.648,
      0.6398,
      0.6312,
      0.5659,
      0.6661,
      0.569,
      0.6021,
      0.7304,
      0.5441,
      0.678,
      0.6448,
      0.71,
      0.7155,
      0.7318,
      0.6376,
      0.8089,
      0.9103,
      0.8704,
      0.8825
    ],
    [
      0.2337,
      0,
      0.2111,
      0.5681,
      0.6681,
      0.6473,
      0.5014,
      0.6853,
      0.5452,
      0.5806,
      0.7623,
      0.5078,
      0.6265,
      0.6687,
      0.7591,
      0.719,
      0.7258,
      0.6271,
      0.7907,
      0.926,
      0.8998,
      0.9278
    ],
    [
      0.2955,
      0.2111,
      0,
      0.6705,
      0.6251,
      0.6601,
      0.5839,
      0.692,
      0.6544,
      0.695,
      0.7034,
      0.4767,
      0.6262,
      0.6529,
      0.7105,
      0.6849,
      0.6924,
      0.6277,
      0.7794,
      0.9655,
      0.8994,
      0.9444
    ],
    [
      0.648,
      0.5681,
      0.6705,
      0,
      0.7757,
      0.7218,
      0.6458,
      0.7001,
      0.6503,
      0.7096,
      0.8514,
      0.6296,
      0.7326,
      0.7386,
      0.7958,
      0.7507,
      0.7558,
      0.7249,
      0.5828,
      0.9616,
      0.8953,
      0.8182
    ],
    [
      0.6398,
      0.6681,
      0.6251,
      0.7757,
      0,
      0.6314,
      0.6312,
      0.6371,
      0.6817,
      0.7816,
      0.8007,
      0.7078,
      0.5282,
      0.6509,
      0.8268,
      0.767,
      0.8146,
      0.7781,
      0.9003,
      0.9604,
      0.8312,
      0.9717
    ],
    [
      0.6312,
      0.6473,
      0.6601,
      0.7218,
      0.6314,
      0,
      0.7418,
      0.7188,
      0.7353,
      0.7772,
      0.8236,
      0.7352,
      0.6461,
      0.6486,
      0.7678,
      0.7745,
      0.7264,
      0.7562,
      0.7833,
      0.9251,
      0.9029,
      0.8981
    ],
    [
      0.5659,
      0.5014,
      0.5839,
      0.6458,
      0.6312,
      0.7418,
      0,
      0.5935,
      0.5907,
      0.6259,
      0.7784,
      0.5763,
      0.7107,
      0.7224,
      0.7471,
      0.7373,
      0.7545,
      0.7082,
      0.7744,
      0.9057,
      0.8988,
      0.9711
    ],
    [
      0.6661,
      0.6853,
      0.692,
      0.7001,
      0.6371,
      0.7188,
      0.5935,
      0,
      0.6041,
      0.6453,
      0.7842,
      0.7093,
      0.6815,
      0.7435,
      0.8011,
      0.7791,
      0.7819,
      0.7585,
      0.809,
      0.939,
      0.8653,
      0.9284
    ],
    [
      0.569,
      0.5452,
      0.6544,
      0.6503,
      0.6817,
      0.7353,
      0.5907,
      0.6041,
      0,
      0.4348,
      0.793,
      0.6339,
      0.7078,
      0.7614,
      0.7356,
      0.7912,
      0.7627,
      0.7293,
      0.7902,
      0.9558,
      0.857,
      0.9362
    ],
    [
      0.6021,
      0.5806,
      0.695,
      0.7096,
      0.7816,
      0.7772,
      0.6259,
      0.6453,
      0.4348,
      0,
      0.8665,
      0.7236,
      0.7765,
      0.7512,
      0.8389,
      0.8801,
      0.802,
      0.8139,
      0.864,
      0.9141,
      0.8859,
      0.9415
    ],
    [
      0.7304,
      0.7623,
      0.7034,
      0.8514,
      0.8007,
      0.8236,
      0.7784,
      0.7842,
      0.793,
      0.8665,
      0,
      0.6646,
      0.7581,
      0.7418,
      0.4502,
      0.5765,
      0.5242,
      0.4565,
      0.6821,
      0.9591,
      0.9068,
      0.9851
    ],
    [
      0.5441,
      0.5078,
      0.4767,
      0.6296,
      0.7078,
      0.7352,
      0.5763,
      0.7093,
      0.6339,
      0.7236,
      0.6646,
      0,
      0.5568,
      0.6315,
      0.5921,
      0.5078,
      0.5683,
      0.5344,
      0.7127,
      0.9293,
      0.8564,
      0.9186
    ],
    [
      0.678,
      0.6265,
      0.6262,
      0.7326,
      0.5282,
      0.6461,
      0.7107,
      0.6815,
      0.7078,
      0.7765,
      0.7581,
      0.5568,
      0,
      0.3926,
      0.7294,
      0.5903,
      0.6427,
      0.6579,
      0.8342,
      0.8894,
      0.8611,
      0.9096
    ],
    [
      0.6448,
      0.6687,
      0.6529,
      0.7386,
      0.6509,
      0.6486,
      0.7224,
      0.7435,
      0.7614,
      0.7512,
      0.7418,
      0.6315,
      0.3926,
      0,
      0.7246,
      0.693,
      0.6727,
      0.6895,
      0.8549,
      0.8882,
      0.8792,
      0.8556
    ],
    [
      0.71,
      0.7591,
      0.7105,
      0.7958,
      0.8268,
      0.7678,
      0.7471,
      0.8011,
      0.7356,
      0.8389,
      0.4502,
      0.5921,
      0.7294,
      0.7246,
      0,
      0.4822,
      0.332,
      0.3789,
      0.5838,
      0.9238,
      0.9078,
      0.9506
    ],
    [
      0.7155,
      0.719,
      0.6849,
      0.7507,
      0.767,
      0.7745,
      0.7373,
      0.7791,
      0.7912,
      0.8801,
      0.5765,
      0.5078,
      0.5903,
      0.693,
      0.4822,
      0,
      0.4406,
      0.4596,
      0.6899,
      0.8803,
      0.8152,
      0.939
    ],
    [
      0.7318,
      0.7258,
      0.6924,
      0.7558,
      0.8146,
      0.7264,
      0.7545,
      0.7819,
      0.7627,
      0.802,
      0.5242,
      0.5683,
      0.6427,
      0.6727,
      0.332,
      0.4406,
      0,
      0.4072,
      0.6284,
      0.8705,
      0.8579,
      0.9859
    ],
    [
      0.6376,
      0.6271,
      0.6277,
      0.7249,
      0.7781,
      0.7562,
      0.7082,
      0.7585,
      0.7293,
      0.8139,
      0.4565,
      0.5344,
      0.6579,
      0.6895,
      0.3789,
      0.4596,
      0.4072,
      0,
      0.5486,
      0.91,
      0.8782,
      0.9662
    ],
    [
      0.8089,
      0.7907,
      0.7794,
      0.5828,
      0.9003,
      0.7833,
      0.7744,
      0.809,
      0.7902,
      0.864,
      0.6821,
      0.7127,
      0.8342,
      0.8549,
      0.5838,
      0.6899,
      0.6284,
      0.5486,
      0,
      0.9789,
      0.91,
      0.8052
    ],
    [
      0.9103,
      0.926,
      0.9655,
      0.9616,
      0.9604,
      0.9251,
      0.9057,
      0.939,
      0.9558,
      0.9141,
      0.9591,
      0.9293,
      0.8894,
      0.8882,
      0.9238,
      0.8803,
      0.8705,
      0.91,
      0.9789,
      0,
      0.6409,
      0.7913
    ],
    [
      0.8704,
      0.8998,
      0.8994,
      0.8953,
      0.8312,
      0.9029,
      0.8988,
      0.8653,
      0.857,
      0.8859,
      0.9068,
      0.8564,
      0.8611,
      0.8792,
      0.9078,
      0.8152,
      0.8579,
      0.8782,
      0.91,
      0.6409,
      0,
      0.6704
    ],
    [
      0.8825,
      0.9278,
      0.9444,
      0.8182,
      0.9717,
      0.8981,
      0.9711,
      0.9284,
      0.9362,
      0.9415,
      0.9851,
      0.9186,
      0.9096,
      0.8556,
      0.9506,
      0.939,
      0.9859,
      0.9662,
      0.8052,
      0.7913,
      0.6704,
      0
    ]
  ]
}